{
    "_versionMajor": 0,
    "_versionMinor": 2,
    "boundsCenter": {
        "x": 0,
        "y": 0,
        "z": 2.18890738487244
    },
    "boundsSize": {
        "x": 5.85935068130493,
        "y": 3.29581761360168,
        "z": 1.85281372070313
    },
    "clipEpsilon": 0.00269859819673002,
    "crop": {
        "w": 0.953629016876221,
        "x": 0.207661285996437,
        "y": 0.0,
        "z": 0.596774220466614
    },
    "depthFocalLength": {
        "x": 2041.66076660156,
        "y": 2041.70239257813
    },
    "depthImageSize": {
        "x": 3840.0,
        "y": 2160.0
    },
    "depthPrincipalPoint": {
        "x": 1899.61791992188,
        "y": 1080.29809570313
    },
    "extrinsics": {
        "e00": 1,
        "e01": 0,
        "e02": 0,
        "e03": 0,
        "e10": 0,
        "e11": 1,
        "e12": 0,
        "e13": 0,
        "e20": 0,
        "e21": 0,
        "e22": 1,
        "e23": 0,
        "e30": 0,
        "e31": 0,
        "e32": 0,
        "e33": 1
    },
    "farClip": 3.115314245224,
    "format": "perpixel",
    "nearClip": 1.26250052452087,
    "numAngles": 1,
    "textureHeight": 2048,
    "textureWidth": 2288
}